255 255 255 255 255 255 255 255 255 255 255 255 255 255 255 255
255 255 255 255 255 255 255 255 255 255 255 255 255 255 255 255
255 255   0   0   0   0   0   0   0   0   0   0   0   0 255 255
255 255   0   0   0   0   0   0   0   0   0   0   0   0 255 255
255 255   0   0   0   0   0   0   0   0   0   0   0   0 255 255
255 255   0   0   0 255   0  23 255   0 255   0   0   0 255 255
255 255   0   0   0   0   0 231 224   0   0   0   0   0 255 255
255 255   0   0   0  23 231  23 203 231   0   0   0   0 255 255
255 255   0   0   0 224 224 203 201  30 224   0   0   0 255 255
255 255   0   0   0   0   0  23 224   0   0   0   0   0 255 255
255 255   0   0   0 255   0 255   0 255   0   0   0   0 255 255
255 255   0   0   0   0   0   0   0   0   0   0   0   0 255 255
255 255   0   0   0   0   0   0   0   0   0   0   0   0 255 255
255 255   0   0   0   0   0   0   0   0   0   0   0   0 255 255
255 255 255 255 255 255 255 255 255 255 255 255 255 255 255 255
255 255 255 255 255 255 255 255 255 255 255 255 255 255 255 255
255 255 255 255 255 255 255 255 255 255 255 255 255 255 255 255
255 255 255 255 255 255 255 255 255 255 255 255 255 255 255 255
255 255   0   0   0   0   0   0   0   0   0   0   0   0 255 255
255 255   0   0   0   0   0   0   0   0   0   0   0   0 255 255
255 255   0   0   0   0   0   0   0   0   0   0   0   0 255 255
255 255   0   0   0 255   0  23 255   0 255   0   0   0 255 255
255 255   0   0   0   0   0 231 224   0   0   0   0   0 255 255
255 255   0   0   0  23 231  23 203 231   0   0   0   0 255 255
255 255   0   0   0 224 224 203 201  30 224   0   0   0 255 255
255 255   0   0   0   0   0  23 224   0   0   0   0   0 255 255
255 255   0   0   0 255   0 255   0 255   0   0   0   0 255 255
255 255   0   0   0   0   0   0   0   0   0   0   0   0 255 255
255 255   0   0   0   0   0   0   0   0   0   0   0   0 255 255
255 255   0   0   0   0   0   0   0   0   0   0   0   0 255 255
255 255 255 255 255 255 255 255 255 255 255 255 255 255 255 255
255 255 255 255 255 255 255 255 255 255 255 255 255 255 255 255
255 255 255 255 255 255 255 255 255 255 255 255 255 255 255 255
255 255 255 255 255 255 255 255 255 255 255 255 255 255 255 255
255 255   0   0   0   0   0   0   0   0   0   0   0   0 255 255
255 255   0   0   0   0   0   0   0   0   0   0   0   0 255 255
255 255   0   0   0   0   0   0   0   0   0   0   0   0 255 255
255 255   0   0   0 255   0  23 255   0 255   0   0   0 255 255
255 255   0   0   0   0   0 231 224   0   0   0   0   0 255 255
255 255   0   0   0  23 231  23 203 231   0   0   0   0 255 255
255 255   0   0   0 224 224 203 201  30 224   0   0   0 255 255
255 255   0   0   0   0   0  23 224   0   0   0   0   0 255 255
255 255   0   0   0 255   0 255   0 255   0   0   0   0 255 255
255 255   0   0   0   0   0   0   0   0   0   0   0   0 255 255
255 255   0   0   0   0   0   0   0   0   0   0   0   0 255 255
255 255   0   0   0   0   0   0   0   0   0   0   0   0 255 255
255 255 255 255 255 255 255 255 255 255 255 255 255 255 255 255
255 255 255 255 255 255 255 255 255 255 255 255 255 255 255 255

255 255 255 255 255 255 255 255 255 255 255 255 255 255 255 255
255 214 153 153 153 153 153 153 153 153 153 153 153 153 214 255
255 153   0   0   0   0   0   0   0   0   0   0   0   0 153 255
255 153   0   0   0   0   0   0   0   0   0   0   0   0 153 255
255 153   0   0  10  51  51  51  51  51  51  10   0   0 153 255
255 153   0   0  51 132 168 144 152 143 160  51   0   0 153 255
255 153   0   0  51 150 146 138 131 105 153  51   0   0 153 255
255 153   0   0  51 159 119 112 137 146 137  51   0   0 153 255
255 153   0   0  51 138 143 164 130 102 142  51   0   0 153 255
255 153   0   0  51 171 138 138 144 134 146  51   0   0 153 255
255 153   0   0  51 132 151 126 175 158 132  51   0   0 153 255
255 153   0   0  10  51  51  51  51  51  51  10   0   0 153 255
255 153   0   0   0   0   0   0   0   0   0   0   0   0 153 255
255 153   0   0   0   0   0   0   0   0   0   0   0   0 153 255
255 214 153 153 153 153 153 153 153 153 153 153 153 153 214 255
255 255 255 255 255 255 255 255 255 255 255 255 255 255 255 255
255 255 255 255 255 255 255 255 255 255 255 255 255 255 255 255
255 214 153 153 153 153 153 153 153 153 153 153 153 153 214 255
255 153   0   0   0   0   0   0   0   0   0   0   0   0 153 255
255 153   0   0   0   0   0   0   0   0   0   0   0   0 153 255
255 153   0   0  10  51  51  51  51  51  51  10   0   0 153 255
255 153   0   0  51 132 168 144 152 143 160  51   0   0 153 255
255 153   0   0  51 150 146 138 131 105 153  51   0   0 153 255
255 153   0   0  51 159 119 112 137 146 137  51   0   0 153 255
255 153   0   0  51 138 143 164 130 102 142  51   0   0 153 255
255 153   0   0  51 171 138 138 144 134 146  51   0   0 153 255
255 153   0   0  51 132 151 126 175 158 132  51   0   0 153 255
255 153   0   0  10  51  51  51  51  51  51  10   0   0 153 255
255 153   0   0   0   0   0   0   0   0   0   0   0   0 153 255
255 153   0   0   0   0   0   0   0   0   0   0   0   0 153 255
255 214 153 153 153 153 153 153 153 153 153 153 153 153 214 255
255 255 255 255 255 255 255 255 255 255 255 255 255 255 255 255
255 255 255 255 255 255 255 255 255 255 255 255 255 255 255 255
255 214 153 153 153 153 153 153 153 153 153 153 153 153 214 255
255 153   0   0   0   0   0   0   0   0   0   0   0   0 153 255
255 153   0   0   0   0   0   0   0   0   0   0   0   0 153 255
255 153   0   0  10  51  51  51  51  51  51  10   0   0 153 255
255 153   0   0  51 132 168 144 152 143 160  51   0   0 153 255
255 153   0   0  51 150 146 138 131 105 153  51   0   0 153 255
255 153   0   0  51 159 119 112 137 146 137  51   0   0 153 255
255 153   0   0  51 138 143 164 130 102 142  51   0   0 153 255
255 153   0   0  51 171 138 138 144 134 146  51   0   0 153 255
255 153   0   0  51 132 151 126 175 158 132  51   0   0 153 255
255 153   0   0  10  51  51  51  51  51  51  10   0   0 153 255
255 153   0   0   0   0   0   0   0   0   0   0   0   0 153 255
255 153   0   0   0   0   0   0   0   0   0   0   0   0 153 255
255 214 153 153 153 153 153 153 153 153 153 153 153 153 214 255
255 255 255 255 255 255 255 255 255 255 255 255 255 255 255 255

255 255 255 255 255 255 255 255 255 255 255 255 255 255 255 255
255 214 153 153 153 153 153 153 153 153 153 153 153 153 214 255
255 153   0   0   0   0   0   0   0   0   0   0   0   0 153 255
255 153   0   0   0   0   0   0   0   0   0   0   0   0 153 255
255 153   0   0  10  51  51  51  51  51  51  10   0   0 153 255
255 153   0   0  51 160 153 137 142 146 132  51   0   0 153 255
255 153   0   0  51 143 105 146 102 134 158  51   0   0 153 255
255 153   0   0  51 152 131 137 130 144 175  51   0   0 153 255
255 153   0   0  51 144 138 112 164 138 126  51   0   0 153 255
255 153   0   0  51 168 146 119 143 138 151  51   0   0 153 255
255 153   0   0  51 132 150 159 138 171 132  51   0   0 153 255
255 153   0   0  10  51  51  51  51  51  51  10   0   0 153 255
255 153   0   0   0   0   0   0   0   0   0   0   0   0 153 255
255 153   0   0   0   0   0   0   0   0   0   0   0   0 153 255
255 214 153 153 153 153 153 153 153 153 153 153 153 153 214 255
255 255 255 255 255 255 255 255 255 255 255 255 255 255 255 255
255 255 255 255 255 255 255 255 255 255 255 255 255 255 255 255
255 214 153 153 153 153 153 153 153 153 153 153 153 153 214 255
255 153   0   0   0   0   0   0   0   0   0   0   0   0 153 255
255 153   0   0   0   0   0   0   0   0   0   0   0   0 153 255
255 153   0   0  10  51  51  51  51  51  51  10   0   0 153 255
255 153   0   0  51 160 153 137 142 146 132  51   0   0 153 255
255 153   0   0  51 143 105 146 102 134 158  51   0   0 153 255
255 153   0   0  51 152 131 137 130 144 175  51   0   0 153 255
255 153   0   0  51 144 138 112 164 138 126  51   0   0 153 255
255 153   0   0  51 168 146 119 143 138 151  51   0   0 153 255
255 153   0   0  51 132 150 159 138 171 132  51   0   0 153 255
255 153   0   0  10  51  51  51  51  51  51  10   0   0 153 255
255 153   0   0   0   0   0   0   0   0   0   0   0   0 153 255
255 153   0   0   0   0   0   0   0   0   0   0   0   0 153 255
255 214 153 153 153 153 153 153 153 153 153 153 153 153 214 255
255 255 255 255 255 255 255 255 255 255 255 255 255 255 255 255
255 255 255 255 255 255 255 255 255 255 255 255 255 255 255 255
255 214 153 153 153 153 153 153 153 153 153 153 153 153 214 255
255 153   0   0   0   0   0   0   0   0   0   0   0   0 153 255
255 153   0   0   0   0   0   0   0   0   0   0   0   0 153 255
255 153   0   0  10  51  51  51  51  51  51  10   0   0 153 255
255 153   0   0  51 160 153 137 142 146 132  51   0   0 153 255
255 153   0   0  51 143 105 146 102 134 158  51   0   0 153 255
255 153   0   0  51 152 131 137 130 144 175  51   0   0 153 255
255 153   0   0  51 144 138 112 164 138 126  51   0   0 153 255
255 153   0   0  51 168 146 119 143 138 151  51   0   0 153 255
255 153   0   0  51 132 150 159 138 171 132  51   0   0 153 255
255 153   0   0  10  51  51  51  51  51  51  10   0   0 153 255
255 153   0   0   0   0   0   0   0   0   0   0   0   0 153 255
255 153   0   0   0   0   0   0   0   0   0   0   0   0 153 255
255 214 153 153 153 153 153 153 153 153 153 153 153 153 214 255
255 255 255 255 255 255 255 255 255 255 255 255 255 255 255 255

255 255 255 255 255 255 255 255 255 255 255 255 255 255 255 255
255 214 153 153 153 153 153 153 153 153 153 153 153 153 214 255
255 153   0   0   0   0   0   0   0   0   0   0   0   0 153 255
255 153   0   0   0   0   0   0   0   0   0   0   0   0 153 255
255 153   0   0  10  51  51  51  51  51  51  10   0   0 153 255
255 153   0   0  51 132 158 175 126 151 132  51   0   0 153 255
255 153   0   0  51 146 134 144 138 138 171  51   0   0 153 255
255 153   0   0  51 142 102 130 164 143 138  51   0   0 153 255
255 153   0   0  51 137 146 137 112 119 159  51   0   0 153 255
255 153   0   0  51 153 105 131 138 146 150  51   0   0 153 255
255 153   0   0  51 160 143 152 144 168 132  51   0   0 153 255
255 153   0   0  10  51  51  51  51  51  51  10   0   0 153 255
255 153   0   0   0   0   0   0   0   0   0   0   0   0 153 255
255 153   0   0   0   0   0   0   0   0   0   0   0   0 153 255
255 214 153 153 153 153 153 153 153 153 153 153 153 153 214 255
255 255 255 255 255 255 255 255 255 255 255 255 255 255 255 255
255 255 255 255 255 255 255 255 255 255 255 255 255 255 255 255
255 214 153 153 153 153 153 153 153 153 153 153 153 153 214 255
255 153   0   0   0   0   0   0   0   0   0   0   0   0 153 255
255 153   0   0   0   0   0   0   0   0   0   0   0   0 153 255
255 153   0   0  10  51  51  51  51  51  51  10   0   0 153 255
255 153   0   0  51 132 158 175 126 151 132  51   0   0 153 255
255 153   0   0  51 146 134 144 138 138 171  51   0   0 153 255
255 153   0   0  51 142 102 130 164 143 138  51   0   0 153 255
255 153   0   0  51 137 146 137 112 119 159  51   0   0 153 255
255 153   0   0  51 153 105 131 138 146 150  51   0   0 153 255
255 153   0   0  51 160 143 152 144 168 132  51   0   0 153 255
255 153   0   0  10  51  51  51  51  51  51  10   0   0 153 255
255 153   0   0   0   0   0   0   0   0   0   0   0   0 153 255
255 153   0   0   0   0   0   0   0   0   0   0   0   0 153 255
255 214 153 153 153 153 153 153 153 153 153 153 153 153 214 255
255 255 255 255 255 255 255 255 255 255 255 255 255 255 255 255
255 255 255 255 255 255 255 255 255 255 255 255 255 255 255 255
255 214 153 153 153 153 153 153 153 153 153 153 153 153 214 255
255 153   0   0   0   0   0   0   0   0   0   0   0   0 153 255
255 153   0   0   0   0   0   0   0   0   0   0   0   0 153 255
255 153   0   0  10  51  51  51  51  51  51  10   0   0 153 255
255 153   0   0  51 132 158 175 126 151 132  51   0   0 153 255
255 153   0   0  51 146 134 144 138 138 171  51   0   0 153 255
255 153   0   0  51 142 102 130 164 143 138  51   0   0 153 255
255 153   0   0  51 137 146 137 112 119 159  51   0   0 153 255
255 153   0   0  51 153 105 131 138 146 150  51   0   0 153 255
255 153   0   0  51 160 143 152 144 168 132  51   0   0 153 255
255 153   0   0  10  51  51  51  51  51  51  10   0   0 153 255
255 153   0   0   0   0   0   0   0   0   0   0   0   0 153 255
255 153   0   0   0   0   0   0   0   0   0   0   0   0 153 255
255 214 153 153 153 153 153 153 153 153 153 153 153 153 214 255
255 255 255 255 255 255 255 255 255 255 255 255 255 255 255 255
